30 30
000110000110000000011000011000
000110000110000000011000011000
000110000110000000011000011000
000110000110000000011000011000
000110000110000000011000011000
000110000110000000011000011000
000110000110000000011000011000
000110000110000000011000011000
000000000000000000000000000000
000000000000000000000000000000
000011111100000000001111110000
000011111100000000001111110000
000000000000000000000000000000
000000000000001100000000000000
000000000000011110000000000000
000000000000011110000000000000
000000000000001100000000000000
000000000000000000000000000000
000011111100000000001111110000
000011111100000000001111110000
000000000000000000000000000000
000000000000000000000000000000
000110000110000000011000011000
000110000110000000011000011000
000110000110000000011000011000
000110000110000000011000011000
000110000110000000011000011000
000110000110000000011000011000
000110000110000000011000011000
000110000110000000011000011000

